1.000000 -0.000000 2.500000
1.000000 0.000000 2.500000
1.000000 0.000000 2.500000
1.000000 0.000000 2.500000
0.968750 -0.001406 2.390625
0.968750 0.658750 2.412500
0.156250 0.671406 0.359375
0.156250 0.011250 0.337500
0.125000 0.000000 0.250000
0.125000 0.000000 0.250000
0.125000 0.000000 0.250000
0.125000 -0.000000 0.250000
0.000000 0.000000 -188496138667874940000000000000000000000000000000000000000000000000000000000000000000000000000000000000000000000000000000000000000000000000000000000000000000000000000000000000000000000000000000000000000000000000000000000000000000000000000000000000000000000000000000000000.000000
